<?xml version="1.0"?>
<opencv_storage>
<ColorCalibData_0_0 type_id="opencv-matrix">
  <rows>100</rows>
  <cols>1</cols>
  <dt>"3f"</dt>
  <data>
    0. 0. -1. 0. 1. -1. 0. 2. -1. 0. 3. -1. 0. 4. -1. 0. 5. -1. 0. 6.
    -1. 0. 7. -1. 0. 8. -1. 0. 9. -1. 1. 0. -1. 1. 1. -1. 1. 2. -1. 1.
    3. -1. 1. 4. -1. 1. 5. -1. 1. 6. -1. 1. 7. -1. 1. 8. -1. 1. 9. -1.
    2. 0. 89. 2. 1. 100. 2. 2. 103. 2. 3. 104. 2. 4. 105. 2. 5. 106. 2.
    6. 106. 2. 7. 107. 2. 8. 109. 2. 9. -1. 3. 0. 95. 3. 1. 105. 3. 2.
    108. 3. 3. 109. 3. 4. 110. 3. 5. 110. 3. 6. 111. 3. 7. 111. 3. 8.
    115. 3. 9. -1. 4. 0. 99. 4. 1. 108. 4. 2. 110. 4. 3. 112. 4. 4. 112.
    4. 5. 113. 4. 6. 114. 4. 7. 115. 4. 8. 117. 4. 9. -1. 5. 0. 102. 5.
    1. 110. 5. 2. 113. 5. 3. 114. 5. 4. 115. 5. 5. 115. 5. 6. 116. 5. 7.
    117. 5. 8. -1. 5. 9. -1. 6. 0. 104. 6. 1. 112. 6. 2. 114. 6. 3. 115.
    6. 4. 116. 6. 5. 117. 6. 6. 117. 6. 7. 118. 6. 8. -1. 6. 9. -1. 7.
    0. -1. 7. 1. -1. 7. 2. -1. 7. 3. -1. 7. 4. -1. 7. 5. -1. 7. 6. -1.
    7. 7. -1. 7. 8. -1. 7. 9. -1. 8. 0. -1. 8. 1. -1. 8. 2. -1. 8. 3.
    -1. 8. 4. -1. 8. 5. -1. 8. 6. -1. 8. 7. -1. 8. 8. -1. 8. 9. -1. 9.
    0. -1. 9. 1. -1. 9. 2. -1. 9. 3. -1. 9. 4. -1. 9. 5. -1. 9. 6. -1.
    9. 7. -1. 9. 8. -1. 9. 9. -1.</data></ColorCalibData_0_0>
 <!-- resumed -->

<ColorCalibData_0_1 type_id="opencv-matrix">
  <rows>100</rows>
  <cols>1</cols>
  <dt>"3f"</dt>
  <data>
    0. 0. -1. 0. 1. -1. 0. 2. -1. 0. 3. -1. 0. 4. -1. 0. 5. -1. 0. 6.
    -1. 0. 7. -1. 0. 8. -1. 0. 9. -1. 1. 0. -1. 1. 1. -1. 1. 2. -1. 1.
    3. -1. 1. 4. -1. 1. 5. -1. 1. 6. -1. 1. 7. -1. 1. 8. -1. 1. 9. -1.
    2. 0. 197. 2. 1. 202. 2. 2. 209. 2. 3. 215. 2. 4. 220. 2. 5. 223. 2.
    6. 225. 2. 7. 226. 2. 8. 228. 2. 9. -1. 3. 0. 203. 3. 1. 209. 3. 2.
    215. 3. 3. 220. 3. 4. 225. 3. 5. 227. 3. 6. 230. 3. 7. 232. 3. 8.
    234. 3. 9. -1. 4. 0. 209. 4. 1. 213. 4. 2. 219. 4. 3. 224. 4. 4.
    228. 4. 5. 231. 4. 6. 234. 4. 7. 237. 4. 8. 239. 4. 9. -1. 5. 0.
    210. 5. 1. 214. 5. 2. 219. 5. 3. 225. 5. 4. 228. 5. 5. 231. 5. 6.
    235. 5. 7. 238. 5. 8. -1. 5. 9. -1. 6. 0. 210. 6. 1. 214. 6. 2. 219.
    6. 3. 224. 6. 4. 228. 6. 5. 230. 6. 6. 234. 6. 7. 237. 6. 8. -1. 6.
    9. -1. 7. 0. -1. 7. 1. -1. 7. 2. -1. 7. 3. -1. 7. 4. -1. 7. 5. -1.
    7. 6. -1. 7. 7. -1. 7. 8. -1. 7. 9. -1. 8. 0. -1. 8. 1. -1. 8. 2.
    -1. 8. 3. -1. 8. 4. -1. 8. 5. -1. 8. 6. -1. 8. 7. -1. 8. 8. -1. 8.
    9. -1. 9. 0. -1. 9. 1. -1. 9. 2. -1. 9. 3. -1. 9. 4. -1. 9. 5. -1.
    9. 6. -1. 9. 7. -1. 9. 8. -1. 9. 9. -1.</data></ColorCalibData_0_1>
 <!-- resumed -->

<ColorCalibData_0_2 type_id="opencv-matrix">
  <rows>100</rows>
  <cols>1</cols>
  <dt>"3f"</dt>
  <data>
    0. 0. -1. 0. 1. -1. 0. 2. -1. 0. 3. -1. 0. 4. -1. 0. 5. -1. 0. 6.
    -1. 0. 7. -1. 0. 8. -1. 0. 9. -1. 1. 0. -1. 1. 1. -1. 1. 2. -1. 1.
    3. -1. 1. 4. -1. 1. 5. -1. 1. 6. -1. 1. 7. -1. 1. 8. -1. 1. 9. -1.
    2. 0. 195. 2. 1. 198. 2. 2. 202. 2. 3. 207. 2. 4. 210. 2. 5. 212. 2.
    6. 212. 2. 7. 213. 2. 8. 214. 2. 9. -1. 3. 0. 200. 3. 1. 204. 3. 2.
    208. 3. 3. 211. 3. 4. 213. 3. 5. 215. 3. 6. 216. 3. 7. 217. 3. 8.
    218. 3. 9. -1. 4. 0. 204. 4. 1. 208. 4. 2. 211. 4. 3. 214. 4. 4.
    216. 4. 5. 218. 4. 6. 219. 4. 7. 221. 4. 8. 222. 4. 9. -1. 5. 0.
    205. 5. 1. 208. 5. 2. 212. 5. 3. 215. 5. 4. 217. 5. 5. 219. 5. 6.
    221. 5. 7. 222. 5. 8. -1. 5. 9. -1. 6. 0. 205. 6. 1. 208. 6. 2. 212.
    6. 3. 215. 6. 4. 217. 6. 5. 219. 6. 6. 221. 6. 7. 222. 6. 8. -1. 6.
    9. -1. 7. 0. -1. 7. 1. -1. 7. 2. -1. 7. 3. -1. 7. 4. -1. 7. 5. -1.
    7. 6. -1. 7. 7. -1. 7. 8. -1. 7. 9. -1. 8. 0. -1. 8. 1. -1. 8. 2.
    -1. 8. 3. -1. 8. 4. -1. 8. 5. -1. 8. 6. -1. 8. 7. -1. 8. 8. -1. 8.
    9. -1. 9. 0. -1. 9. 1. -1. 9. 2. -1. 9. 3. -1. 9. 4. -1. 9. 5. -1.
    9. 6. -1. 9. 7. -1. 9. 8. -1. 9. 9. -1.</data></ColorCalibData_0_2>
 <!-- resumed -->

<ColorCalibData_0_3 type_id="opencv-matrix">
  <rows>100</rows>
  <cols>1</cols>
  <dt>"3f"</dt>
  <data>
    0. 0. -1. 0. 1. -1. 0. 2. -1. 0. 3. -1. 0. 4. -1. 0. 5. -1. 0. 6.
    -1. 0. 7. -1. 0. 8. -1. 0. 9. -1. 1. 0. -1. 1. 1. -1. 1. 2. -1. 1.
    3. -1. 1. 4. -1. 1. 5. -1. 1. 6. -1. 1. 7. -1. 1. 8. -1. 1. 9. -1.
    2. 0. 192. 2. 1. 196. 2. 2. 201. 2. 3. 207. 2. 4. 211. 2. 5. 213. 2.
    6. 215. 2. 7. 216. 2. 8. 217. 2. 9. -1. 3. 0. 198. 3. 1. 201. 3. 2.
    207. 3. 3. 211. 3. 4. 214. 3. 5. 216. 3. 6. 218. 3. 7. 220. 3. 8.
    221. 3. 9. -1. 4. 0. 201. 4. 1. 206. 4. 2. 210. 4. 3. 214. 4. 4.
    217. 4. 5. 219. 4. 6. 220. 4. 7. 222. 4. 8. 223. 4. 9. -1. 5. 0.
    202. 5. 1. 205. 5. 2. 210. 5. 3. 214. 5. 4. 217. 5. 5. 219. 5. 6.
    221. 5. 7. 223. 5. 8. -1. 5. 9. -1. 6. 0. 202. 6. 1. 205. 6. 2. 210.
    6. 3. 214. 6. 4. 216. 6. 5. 218. 6. 6. 220. 6. 7. 222. 6. 8. -1. 6.
    9. -1. 7. 0. -1. 7. 1. -1. 7. 2. -1. 7. 3. -1. 7. 4. -1. 7. 5. -1.
    7. 6. -1. 7. 7. -1. 7. 8. -1. 7. 9. -1. 8. 0. -1. 8. 1. -1. 8. 2.
    -1. 8. 3. -1. 8. 4. -1. 8. 5. -1. 8. 6. -1. 8. 7. -1. 8. 8. -1. 8.
    9. -1. 9. 0. -1. 9. 1. -1. 9. 2. -1. 9. 3. -1. 9. 4. -1. 9. 5. -1.
    9. 6. -1. 9. 7. -1. 9. 8. -1. 9. 9. -1.</data></ColorCalibData_0_3>
 <!-- resumed -->

<ColorCalibData_1_0 type_id="opencv-matrix">
  <rows>100</rows>
  <cols>1</cols>
  <dt>"3f"</dt>
  <data>
    0. 0. -1. 0. 1. -1. 0. 2. -1. 0. 3. -1. 0. 4. -1. 0. 5. -1. 0. 6.
    -1. 0. 7. -1. 0. 8. -1. 0. 9. -1. 1. 0. -1. 1. 1. -1. 1. 2. -1. 1.
    3. -1. 1. 4. -1. 1. 5. -1. 1. 6. -1. 1. 7. -1. 1. 8. -1. 1. 9. -1.
    2. 0. -1. 2. 1. 105. 2. 2. 103. 2. 3. 103. 2. 4. 103. 2. 5. 103. 2.
    6. 102. 2. 7. 100. 2. 8. 98. 2. 9. 94. 3. 0. -1. 3. 1. 112. 3. 2.
    109. 3. 3. 109. 3. 4. 109. 3. 5. 108. 3. 6. 108. 3. 7. 106. 3. 8.
    104. 3. 9. 100. 4. 0. -1. 4. 1. -1. 4. 2. 112. 4. 3. 112. 4. 4. 112.
    4. 5. 112. 4. 6. 111. 4. 7. 110. 4. 8. 108. 4. 9. 105. 5. 0. -1. 5.
    1. -1. 5. 2. 114. 5. 3. 114. 5. 4. 114. 5. 5. 114. 5. 6. 113. 5. 7.
    112. 5. 8. 111. 5. 9. 108. 6. 0. -1. 6. 1. -1. 6. 2. 116. 6. 3. 116.
    6. 4. 115. 6. 5. 116. 6. 6. 115. 6. 7. 113. 6. 8. 111. 6. 9. 108. 7.
    0. -1. 7. 1. -1. 7. 2. 117. 7. 3. 117. 7. 4. 117. 7. 5. 118. 7. 6.
    119. 7. 7. -1. 7. 8. -1. 7. 9. -1. 8. 0. -1. 8. 1. -1. 8. 2. -1. 8.
    3. -1. 8. 4. -1. 8. 5. -1. 8. 6. -1. 8. 7. -1. 8. 8. -1. 8. 9. -1.
    9. 0. -1. 9. 1. -1. 9. 2. -1. 9. 3. -1. 9. 4. -1. 9. 5. -1. 9. 6.
    -1. 9. 7. -1. 9. 8. -1. 9. 9. -1.</data></ColorCalibData_1_0>
 <!-- resumed -->

<ColorCalibData_1_1 type_id="opencv-matrix">
  <rows>100</rows>
  <cols>1</cols>
  <dt>"3f"</dt>
  <data>
    0. 0. -1. 0. 1. -1. 0. 2. -1. 0. 3. -1. 0. 4. -1. 0. 5. -1. 0. 6.
    -1. 0. 7. -1. 0. 8. -1. 0. 9. -1. 1. 0. -1. 1. 1. -1. 1. 2. -1. 1.
    3. -1. 1. 4. -1. 1. 5. -1. 1. 6. -1. 1. 7. -1. 1. 8. -1. 1. 9. -1.
    2. 0. -1. 2. 1. 224. 2. 2. 225. 2. 3. 227. 2. 4. 228. 2. 5. 228. 2.
    6. 227. 2. 7. 223. 2. 8. 219. 2. 9. 212. 3. 0. -1. 3. 1. 230. 3. 2.
    230. 3. 3. 232. 3. 4. 232. 3. 5. 232. 3. 6. 231. 3. 7. 230. 3. 8.
    227. 3. 9. 220. 4. 0. -1. 4. 1. -1. 4. 2. 233. 4. 3. 235. 4. 4. 236.
    4. 5. 236. 4. 6. 236. 4. 7. 235. 4. 8. 233. 4. 9. 229. 5. 0. -1. 5.
    1. -1. 5. 2. 235. 5. 3. 237. 5. 4. 237. 5. 5. 237. 5. 6. 236. 5. 7.
    236. 5. 8. 236. 5. 9. 232. 6. 0. -1. 6. 1. -1. 6. 2. 234. 6. 3. 234.
    6. 4. 234. 6. 5. 234. 6. 6. 233. 6. 7. 233. 6. 8. 231. 6. 9. 227. 7.
    0. -1. 7. 1. -1. 7. 2. 232. 7. 3. 233. 7. 4. 233. 7. 5. 233. 7. 6.
    233. 7. 7. -1. 7. 8. -1. 7. 9. -1. 8. 0. -1. 8. 1. -1. 8. 2. -1. 8.
    3. -1. 8. 4. -1. 8. 5. -1. 8. 6. -1. 8. 7. -1. 8. 8. -1. 8. 9. -1.
    9. 0. -1. 9. 1. -1. 9. 2. -1. 9. 3. -1. 9. 4. -1. 9. 5. -1. 9. 6.
    -1. 9. 7. -1. 9. 8. -1. 9. 9. -1.</data></ColorCalibData_1_1>
 <!-- resumed -->

