<?xml version="1.0"?>
<opencv_storage>
<ColorCalibData_0_0 type_id="opencv-matrix">
  <rows>16</rows>
  <cols>1</cols>
  <dt>"3f"</dt>
  <data>
    0. 0. 57. 0. 1. 65. 0. 2. 71. 0. 3. 75. 1. 0. 66. 1. 1. 73. 1. 2.
    80. 1. 3. 83. 2. 0. 70. 2. 1. 77. 2. 2. 83. 2. 3. 88. 3. 0. -1. 3.
    1. -1. 3. 2. -1. 3. 3. -1.</data></ColorCalibData_0_0>
 <!-- resumed -->

<ColorCalibData_0_1 type_id="opencv-matrix">
  <rows>16</rows>
  <cols>1</cols>
  <dt>"3f"</dt>
  <data>
    0. 0. 197. 0. 1. 211. 0. 2. 219. 0. 3. 222. 1. 0. 210. 1. 1. 222. 1.
    2. 230. 1. 3. 234. 2. 0. 215. 2. 1. 226. 2. 2. 234. 2. 3. 239. 3. 0.
    -1. 3. 1. -1. 3. 2. -1. 3. 3. -1.</data></ColorCalibData_0_1>
 <!-- resumed -->

<ColorCalibData_0_2 type_id="opencv-matrix">
  <rows>16</rows>
  <cols>1</cols>
  <dt>"3f"</dt>
  <data>
    0. 0. 194. 0. 1. 203. 0. 2. 208. 0. 3. 209. 1. 0. 205. 1. 1. 212. 1.
    2. 217. 1. 3. 219. 2. 0. 209. 2. 1. 215. 2. 2. 220. 2. 3. 223. 3. 0.
    -1. 3. 1. -1. 3. 2. -1. 3. 3. -1.</data></ColorCalibData_0_2>
 <!-- resumed -->

<ColorCalibData_0_3 type_id="opencv-matrix">
  <rows>16</rows>
  <cols>1</cols>
  <dt>"3f"</dt>
  <data>
    0. 0. 192. 0. 1. 203. 0. 2. 210. 0. 3. 212. 1. 0. 203. 1. 1. 212. 1.
    2. 218. 1. 3. 221. 2. 0. 206. 2. 1. 215. 2. 2. 220. 2. 3. 223. 3. 0.
    -1. 3. 1. -1. 3. 2. -1. 3. 3. -1.</data></ColorCalibData_0_3>
 <!-- resumed -->

<ColorCalibData_1_0 type_id="opencv-matrix">
  <rows>16</rows>
  <cols>1</cols>
  <dt>"3f"</dt>
  <data>
    0. 0. -1. 0. 1. -1. 0. 2. -1. 0. 3. -1. 1. 0. 80. 1. 1. 80. 1. 2.
    82. 1. 3. 78. 2. 0. 92. 2. 1. 83. 2. 2. 85. 2. 3. 82. 3. 0. -1. 3.
    1. -1. 3. 2. -1. 3. 3. -1.</data></ColorCalibData_1_0>
 <!-- resumed -->

<ColorCalibData_1_1 type_id="opencv-matrix">
  <rows>16</rows>
  <cols>1</cols>
  <dt>"3f"</dt>
  <data>
    0. 0. -1. 0. 1. -1. 0. 2. -1. 0. 3. -1. 1. 0. 231. 1. 1. 232. 1. 2.
    155. 1. 3. 148. 2. 0. 235. 2. 1. 235. 2. 2. 234. 2. 3. 229. 3. 0.
    -1. 3. 1. -1. 3. 2. -1. 3. 3. -1.</data></ColorCalibData_1_1>
 <!-- resumed -->

<ColorCalibData_1_2 type_id="opencv-matrix">
  <rows>16</rows>
  <cols>1</cols>
  <dt>"3f"</dt>
  <data>
    0. 0. -1. 0. 1. -1. 0. 2. -1. 0. 3. -1. 1. 0. 216. 1. 1. 217. 1. 2.
    141. 1. 3. 133. 2. 0. 221. 2. 1. 221. 2. 2. 219. 2. 3. 215. 3. 0.
    -1. 3. 1. -1. 3. 2. -1. 3. 3. -1.</data></ColorCalibData_1_2>
 <!-- resumed -->

<ColorCalibData_1_3 type_id="opencv-matrix">
  <rows>16</rows>
  <cols>1</cols>
  <dt>"3f"</dt>
  <data>
    0. 0. -1. 0. 1. -1. 0. 2. -1. 0. 3. -1. 1. 0. 221. 1. 1. 222. 1. 2.
    143. 1. 3. 139. 2. 0. 223. 2. 1. 223. 2. 2. 222. 2. 3. 219. 3. 0.
    -1. 3. 1. -1. 3. 2. -1. 3. 3. -1.</data></ColorCalibData_1_3>
 <!-- resumed -->

<ColorCalibData_2_0 type_id="opencv-matrix">
  <rows>16</rows>
  <cols>1</cols>
  <dt>"3f"</dt>
  <data>
    0. 0. -1. 0. 1. -1. 0. 2. -1. 0. 3. -1. 1. 0. 86. 1. 1. 86. 1. 2.
    89. 1. 3. 85. 2. 0. 81. 2. 1. 80. 2. 2. 82. 2. 3. 78. 3. 0. 71. 3.
    1. 71. 3. 2. 73. 3. 3. 68.</data></ColorCalibData_2_0>
 <!-- resumed -->

<ColorCalibData_2_1 type_id="opencv-matrix">
  <rows>16</rows>
  <cols>1</cols>
  <dt>"3f"</dt>
  <data>
    0. 0. -1. 0. 1. -1. 0. 2. -1. 0. 3. -1. 1. 0. 246. 1. 1. 247. 1. 2.
    248. 1. 3. 244. 2. 0. 239. 2. 1. 240. 2. 2. 242. 2. 3. 238. 3. 0.
    223. 3. 1. 226. 3. 2. 227. 3. 3. 221.</data></ColorCalibData_2_1>
 <!-- resumed -->

<ColorCalibData_2_2 type_id="opencv-matrix">
  <rows>16</rows>
  <cols>1</cols>
  <dt>"3f"</dt>
  <data>
    0. 0. -1. 0. 1. -1. 0. 2. -1. 0. 3. -1. 1. 0. 224. 1. 1. 225. 1. 2.
    225. 1. 3. 223. 2. 0. 220. 2. 1. 221. 2. 2. 222. 2. 3. 219. 3. 0.
    209. 3. 1. 211. 3. 2. 211. 3. 3. 206.</data></ColorCalibData_2_2>
 <!-- resumed -->

<ColorCalibData_2_3 type_id="opencv-matrix">
  <rows>16</rows>
  <cols>1</cols>
  <dt>"3f"</dt>
  <data>
    0. 0. -1. 0. 1. -1. 0. 2. -1. 0. 3. -1. 1. 0. 225. 1. 1. 225. 1. 2.
    226. 1. 3. 224. 2. 0. 220. 2. 1. 221. 2. 2. 221. 2. 3. 219. 3. 0.
    207. 3. 1. 209. 3. 2. 210. 3. 3. 206.</data></ColorCalibData_2_3>
 <!-- resumed -->

<ColorCalibData_3_0 type_id="opencv-matrix">
  <rows>16</rows>
  <cols>1</cols>
  <dt>"3f"</dt>
  <data>
    0. 0. -1. 0. 1. -1. 0. 2. -1. 0. 3. -1. 1. 0. 66. 1. 1. 73. 1. 2.
    78. 1. 3. 80. 2. 0. 61. 2. 1. 66. 2. 2. 70. 2. 3. 72. 3. 0. 52. 3.
    1. 56. 3. 2. 57. 3. 3. 58.</data></ColorCalibData_3_0>
 <!-- resumed -->

<ColorCalibData_3_1 type_id="opencv-matrix">
  <rows>16</rows>
  <cols>1</cols>
  <dt>"3f"</dt>
  <data>
    0. 0. -1. 0. 1. -1. 0. 2. -1. 0. 3. -1. 1. 0. 212. 1. 1. 222. 1. 2.
    227. 1. 3. 228. 2. 0. 202. 2. 1. 210. 2. 2. 217. 2. 3. 219. 3. 0.
    184. 3. 1. 193. 3. 2. 195. 3. 3. 195.</data></ColorCalibData_3_1>
 <!-- resumed -->

<ColorCalibData_3_2 type_id="opencv-matrix">
  <rows>16</rows>
  <cols>1</cols>
  <dt>"3f"</dt>
  <data>
    0. 0. -1. 0. 1. -1. 0. 2. -1. 0. 3. -1. 1. 0. 205. 1. 1. 212. 1. 2.
    216. 1. 3. 217. 2. 0. 199. 2. 1. 205. 2. 2. 209. 2. 3. 210. 3. 0.
    187. 3. 1. 192. 3. 2. 193. 3. 3. 192.</data></ColorCalibData_3_2>
 <!-- resumed -->

<ColorCalibData_3_3 type_id="opencv-matrix">
  <rows>16</rows>
  <cols>1</cols>
  <dt>"3f"</dt>
  <data>
    0. 0. -1. 0. 1. -1. 0. 2. -1. 0. 3. -1. 1. 0. 206. 1. 1. 214. 1. 2.
    217. 1. 3. 219. 2. 0. 197. 2. 1. 203. 2. 2. 207. 2. 3. 209. 3. 0.
    182. 3. 1. 187. 3. 2. 189. 3. 3. 188.</data></ColorCalibData_3_3>
</opencv_storage>
