<?xml version="1.0"?>
<opencv_storage>
<calibration_time>"02/27/16 12:05:49"</calibration_time>
<nr_of_frames>20</nr_of_frames>
<image_width>5184</image_width>
<image_height>3456</image_height>
<board_width>9</board_width>
<board_height>6</board_height>
<square_size>25.</square_size>
<fix_aspect_ratio>1.</fix_aspect_ratio>
<!-- flags:  +fix_aspect_ratio +fix_principal_point +zero_tangent_dist -->
<flags>14</flags>
<camera_matrix type_id="opencv-matrix">
  <rows>3</rows>
  <cols>3</cols>
  <dt>d</dt>
  <data>
    1.0196839988278860e+004 0. 2.5915000000000000e+003 0.
    1.0196839988278860e+004 1.7275000000000000e+003 0. 0. 1.</data></camera_matrix>
<distortion_coefficients type_id="opencv-matrix">
  <rows>5</rows>
  <cols>1</cols>
  <dt>d</dt>
  <data>
    -5.4630638944924099e-002 1.7316423530020937e+000 0. 0.
    -1.0958280553460735e+001</data></distortion_coefficients>
<avg_reprojection_error>6.5573489571545218e-001</avg_reprojection_error>
<per_view_reprojection_errors type_id="opencv-matrix">
  <rows>20</rows>
  <cols>1</cols>
  <dt>f</dt>
  <data>
    6.63029611e-001 4.55576032e-001 9.42987442e-001 1.20808172e+000
    5.00259161e-001 4.54200447e-001 5.91660261e-001 6.11941576e-001
    5.09326637e-001 4.65770841e-001 6.49925053e-001 3.39384586e-001
    3.13349605e-001 6.65384769e-001 6.34064257e-001 6.27447903e-001
    7.73548007e-001 7.29409039e-001 7.66229093e-001 5.95578730e-001</data></per_view_reprojection_errors>
<extrinsic_parameters type_id="opencv-matrix">
  <rows>20</rows>
  <cols>6</cols>
  <dt>d</dt>
  <data>
    -1.6740782221603370e-001 -9.6508158506076080e-002
    9.6461346631929668e-001 -1.7246183321422615e+002
    -1.2509464367189696e+002 1.6014885392739222e+003
    -5.1680384698618735e-002 6.2184647804518434e-001
    6.9907220570041162e-001 3.5161548543000453e+002
    -5.8980155211256232e+001 2.0930172393474936e+003
    7.2843259692211004e-002 9.8832607772025827e-001
    8.6595998686565334e-001 4.6113940738057062e+002
    -1.4593076011015847e+002 2.6908211347655215e+003
    8.4468947707099684e-001 6.3848265620784239e-001
    4.5605391785022731e-001 8.1712595924076467e+001
    -1.5532500512539301e+002 1.2405089094549066e+003
    -4.8737522217585622e-001 -9.4146553995784443e-001
    6.7453045280257351e-001 -2.5874210149192544e+002
    1.0017624682175187e+002 2.0810717748958068e+003
    -3.2951889326629064e-001 -6.0964973493463548e-001
    7.4405987716868638e-001 -1.3467591717578190e+002
    -2.2401765624050903e+001 1.5445948975191097e+003
    -2.7080151268618530e-001 2.7571809487229731e-001
    -3.8541322900694071e-002 -2.1292497405586198e+002
    -1.6360540596097595e-002 2.8147109694799146e+003
    -2.0169427983187807e-001 -4.4674097721696560e-001
    -1.3362097514413807e-002 -3.4436001733007436e+002
    1.4029455591566835e+002 2.2636223479553155e+003
    3.4106723006017553e-001 7.5223005862229420e-001
    7.0476212319287557e-001 2.0611343429954650e+002
    -1.0541979712203943e+002 1.6022955407205445e+003
    -9.3003427769001362e-002 -2.0151318389735420e-003
    -1.0814096006379947e+000 -2.7146241365876301e+002
    2.5122889110082826e+002 2.7422215373011950e+003
    -2.1597121670882544e-001 -1.0364131448682271e-001
    -1.5849023842890448e+000 -3.5555937739965401e+002
    3.3984649537600643e+002 2.7955280861549518e+003
    -1.2097429517675345e-001 -1.6670425332404482e-001
    1.0600644737387979e+000 1.5226990844870076e+002
    1.3124870993183366e+001 2.8355711872261154e+003
    6.3319493655639145e-002 -6.3524708753449843e-001
    3.2318983913574634e-001 -4.3121947002575200e+002
    -6.3192597597989661e+001 2.2602523718484631e+003
    -5.9666011831783317e-001 -1.5463784151616433e-001
    -2.1204314545822812e-002 -2.9525774125185194e+002
    1.3771139883570208e+002 2.8700643236244669e+003
    3.1938829997458651e-001 -1.8051136039603241e-001
    1.3321733265711656e-002 -3.1163209184052045e+002
    -3.9987974386245946e+002 2.8326624363976384e+003
    -1.8755616740555173e-001 1.3991282220531781e-001
    5.0835578377320811e-001 -2.4181549254802297e+002
    -2.1122660412061256e+002 1.5231849580853591e+003
    6.9114747699432030e-002 3.9200429429299544e-001
    -2.2463095812700212e-002 -1.3941820507983050e+002
    -4.4004027592505942e+001 1.3235004794689544e+003
    8.2212682679146409e-001 -1.1229315198644418e-001
    5.8511188142776394e-002 -2.0022801707994026e+002
    -8.3671700852917581e+001 1.2946078090000899e+003
    -9.8026141962323521e-001 -9.7018545485102511e-002
    -2.0394283403962710e-002 -1.8878464503416404e+002
    9.8082771320110126e+001 1.5714057592189290e+003
    9.0893598108556725e-002 -1.0209010102996288e+000
    1.8361489540517608e-002 -2.7163467004164443e+002
    -4.6469908564429026e+001 1.3600155999582962e+003</data></extrinsic_parameters>
