<?xml version="1.0"?>
<opencv_storage>
<WallCorners type_id="opencv-matrix">
  <rows>4</rows>
  <cols>1</cols>
  <dt>"2f"</dt>
  <data>
    461. 383. 3923. 265. 3918. 3185. 348. 3077.</data></WallCorners>
 <!-- resumed -->

<LocalLowHighVP0 type_id="opencv-matrix">
  <rows>2</rows>
  <cols>1</cols>
  <dt>"2f"</dt>
  <data>
    -2.21091127e+000 -1.75187644e-002 5.69848478e-001 1.09252584e+000</data></LocalLowHighVP0>
 <!-- resumed -->

<quad_corners0 type_id="opencv-matrix">
  <rows>4</rows>
  <cols>1</cols>
  <dt>"2f"</dt>
  <data>
    -1.18240457e-008 1. 1.00967348e+000 1.06633401e+000 1.
    -2.22042726e-016 -2.62031704e-002 -3.45315458e-003</data></quad_corners0>
 <!-- resumed -->

<TexCoordinates0 type_id="opencv-matrix">
  <rows>4</rows>
  <cols>1</cols>
  <dt>"3f"</dt>
  <data>
    0. 0. 1.95692289e+000 2.08188486e+000 0. 2.08188486e+000
    2.04501605e+000 2.04501605e+000 2.04501605e+000 0. 1.92431283e+000
    1.92431283e+000</data></TexCoordinates0>
 <!-- resumed -->

<LocalLowHighVP1 type_id="opencv-matrix">
  <rows>2</rows>
  <cols>1</cols>
  <dt>"2f"</dt>
  <data>
    -1.34341508e-001 9.29263160e-002 2.39712644e+000 1.16614425e+000</data></LocalLowHighVP1>
 <!-- resumed -->

<quad_corners1 type_id="opencv-matrix">
  <rows>4</rows>
  <cols>1</cols>
  <dt>"2f"</dt>
  <data>
    -1.45438674e-014 1. 9.99765038e-001 1.06972229e+000 1.00336993e+000
    3.25633155e-005 -1.37200607e-002 -9.80310608e-003</data></quad_corners1>
 <!-- resumed -->

<TexCoordinates1 type_id="opencv-matrix">
  <rows>4</rows>
  <cols>1</cols>
  <dt>"3f"</dt>
  <data>
    0. 0. 1.96002197e+000 2.07871914e+000 0. 2.07871914e+000
    2.04164267e+000 2.04164267e+000 2.04164267e+000 0. 1.92702520e+000
    1.92702520e+000</data></TexCoordinates1>
 <!-- resumed -->

<ViewPlaneCoordinates type_id="opencv-matrix">
  <rows>8</rows>
  <cols>1</cols>
  <dt>"2f"</dt>
  <data>
    -1.24363756e+000 1.09252584e+000 3.07315230e-001 1.02290022e+000
    3.20539773e-001 -1.75187644e-002 -1.20135617e+000 -1.38637507e-002
    -7.55670965e-002 1.16614425e+000 1.34838367e+000 1.09500587e+000
    1.34393406e+000 9.29263160e-002 -5.54036163e-002 1.03025839e-001</data></ViewPlaneCoordinates>
 <!-- resumed -->

<projectorCorners type_id="opencv-matrix">
  <rows>8</rows>
  <cols>1</cols>
  <dt>"2f"</dt>
  <data>
    8.05692291e+001 2.76568054e+002 2.66156030e+003 2.76572205e+002
    2.66157080e+003 1.72856653e+003 8.05600052e+001 1.72856323e+003
    1.99857153e+003 1.06567963e+002 4.58456006e+003 1.06566902e+002
    4.58457178e+003 1.56157239e+003 1.99856433e+003 1.56156738e+003</data></projectorCorners>
 <!-- resumed -->
 
 <!-- resumed -->

<ColorCalibData_0_0 type_id="opencv-matrix">
  <rows>100</rows>
  <cols>1</cols>
  <dt>"3f"</dt>
  <data>
    0. 0. -1. 0. 1. -1. 0. 2. -1. 0. 3. -1. 0. 4. -1. 0. 5. -1. 0. 6.
    -1. 0. 7. -1. 0. 8. -1. 0. 9. -1. 1. 0. 23. 1. 1. 26. 1. 2. 27. 1.
    3. 27. 1. 4. 27. 1. 5. 28. 1. 6. 28. 1. 7. 28. 1. 8. 28. 1. 9. 28.
    2. 0. 26. 2. 1. 28. 2. 2. 28. 2. 3. 28. 2. 4. 28. 2. 5. 28. 2. 6.
    28. 2. 7. 28. 2. 8. 28. 2. 9. 29. 3. 0. 27. 3. 1. 28. 3. 2. 28. 3.
    3. 28. 3. 4. 28. 3. 5. 28. 3. 6. 28. 3. 7. 29. 3. 8. 29. 3. 9. 29.
    4. 0. 27. 4. 1. 29. 4. 2. 29. 4. 3. 29. 4. 4. 29. 4. 5. 29. 4. 6.
    29. 4. 7. 29. 4. 8. 29. 4. 9. 30. 5. 0. 27. 5. 1. 29. 5. 2. 29. 5.
    3. 29. 5. 4. 29. 5. 5. 29. 5. 6. 29. 5. 7. 29. 5. 8. 30. 5. 9. 30.
    6. 0. 28. 6. 1. 29. 6. 2. 29. 6. 3. 29. 6. 4. 29. 6. 5. 29. 6. 6.
    29. 6. 7. 30. 6. 8. 30. 6. 9. 30. 7. 0. 28. 7. 1. 29. 7. 2. 29. 7.
    3. 29. 7. 4. 29. 7. 5. 29. 7. 6. 29. 7. 7. 30. 7. 8. 30. 7. 9. 30.
    8. 0. -1. 8. 1. -1. 8. 2. -1. 8. 3. -1. 8. 4. -1. 8. 5. -1. 8. 6.
    -1. 8. 7. -1. 8. 8. -1. 8. 9. -1. 9. 0. -1. 9. 1. -1. 9. 2. -1. 9.
    3. -1. 9. 4. -1. 9. 5. -1. 9. 6. -1. 9. 7. -1. 9. 8. -1. 9. 9. -1.</data></ColorCalibData_0_0>
 <!-- resumed -->

<ColorCalibData_0_1 type_id="opencv-matrix">
  <rows>100</rows>
  <cols>1</cols>
  <dt>"3f"</dt>
  <data>
    0. 0. -1. 0. 1. -1. 0. 2. -1. 0. 3. -1. 0. 4. -1. 0. 5. -1. 0. 6.
    -1. 0. 7. -1. 0. 8. -1. 0. 9. -1. 1. 0. 254. 1. 1. 254. 1. 2. 254.
    1. 3. 254. 1. 4. 254. 1. 5. 254. 1. 6. 254. 1. 7. 254. 1. 8. 254. 1.
    9. 254. 2. 0. 254. 2. 1. 254. 2. 2. 254. 2. 3. 254. 2. 4. 254. 2. 5.
    254. 2. 6. 254. 2. 7. 254. 2. 8. 254. 2. 9. 254. 3. 0. 254. 3. 1.
    254. 3. 2. 254. 3. 3. 254. 3. 4. 254. 3. 5. 254. 3. 6. 254. 3. 7.
    254. 3. 8. 254. 3. 9. 254. 4. 0. 254. 4. 1. 254. 4. 2. 254. 4. 3.
    254. 4. 4. 254. 4. 5. 254. 4. 6. 254. 4. 7. 254. 4. 8. 254. 4. 9.
    254. 5. 0. 254. 5. 1. 254. 5. 2. 254. 5. 3. 254. 5. 4. 254. 5. 5.
    254. 5. 6. 254. 5. 7. 254. 5. 8. 254. 5. 9. 254. 6. 0. 254. 6. 1.
    254. 6. 2. 254. 6. 3. 254. 6. 4. 254. 6. 5. 254. 6. 6. 254. 6. 7.
    254. 6. 8. 254. 6. 9. 254. 7. 0. 128. 7. 1. 128. 7. 2. 128. 7. 3.
    128. 7. 4. 128. 7. 5. 128. 7. 6. 128. 7. 7. 147. 7. 8. 254. 7. 9.
    254. 8. 0. -1. 8. 1. -1. 8. 2. -1. 8. 3. -1. 8. 4. -1. 8. 5. -1. 8.
    6. -1. 8. 7. -1. 8. 8. -1. 8. 9. -1. 9. 0. -1. 9. 1. -1. 9. 2. -1.
    9. 3. -1. 9. 4. -1. 9. 5. -1. 9. 6. -1. 9. 7. -1. 9. 8. -1. 9. 9.
    -1.</data></ColorCalibData_0_1>
 <!-- resumed -->

<ColorCalibData_0_2 type_id="opencv-matrix">
  <rows>100</rows>
  <cols>1</cols>
  <dt>"3f"</dt>
  <data>
    0. 0. -1. 0. 1. -1. 0. 2. -1. 0. 3. -1. 0. 4. -1. 0. 5. -1. 0. 6.
    -1. 0. 7. -1. 0. 8. -1. 0. 9. -1. 1. 0. 254. 1. 1. 254. 1. 2. 254.
    1. 3. 254. 1. 4. 254. 1. 5. 254. 1. 6. 254. 1. 7. 254. 1. 8. 254. 1.
    9. 254. 2. 0. 254. 2. 1. 254. 2. 2. 254. 2. 3. 254. 2. 4. 254. 2. 5.
    254. 2. 6. 254. 2. 7. 254. 2. 8. 254. 2. 9. 254. 3. 0. 254. 3. 1.
    254. 3. 2. 254. 3. 3. 254. 3. 4. 254. 3. 5. 254. 3. 6. 254. 3. 7.
    254. 3. 8. 254. 3. 9. 254. 4. 0. 254. 4. 1. 254. 4. 2. 254. 4. 3.
    254. 4. 4. 254. 4. 5. 254. 4. 6. 254. 4. 7. 254. 4. 8. 254. 4. 9.
    254. 5. 0. 254. 5. 1. 254. 5. 2. 254. 5. 3. 254. 5. 4. 254. 5. 5.
    254. 5. 6. 254. 5. 7. 254. 5. 8. 254. 5. 9. 254. 6. 0. 254. 6. 1.
    254. 6. 2. 254. 6. 3. 254. 6. 4. 254. 6. 5. 254. 6. 6. 254. 6. 7.
    254. 6. 8. 254. 6. 9. 254. 7. 0. 127. 7. 1. 127. 7. 2. 127. 7. 3.
    127. 7. 4. 127. 7. 5. 127. 7. 6. 127. 7. 7. 141. 7. 8. 254. 7. 9.
    254. 8. 0. -1. 8. 1. -1. 8. 2. -1. 8. 3. -1. 8. 4. -1. 8. 5. -1. 8.
    6. -1. 8. 7. -1. 8. 8. -1. 8. 9. -1. 9. 0. -1. 9. 1. -1. 9. 2. -1.
    9. 3. -1. 9. 4. -1. 9. 5. -1. 9. 6. -1. 9. 7. -1. 9. 8. -1. 9. 9.
    -1.</data></ColorCalibData_0_2>
 <!-- resumed -->

<ColorCalibData_0_3 type_id="opencv-matrix">
  <rows>100</rows>
  <cols>1</cols>
  <dt>"3f"</dt>
  <data>
    0. 0. -1. 0. 1. -1. 0. 2. -1. 0. 3. -1. 0. 4. -1. 0. 5. -1. 0. 6.
    -1. 0. 7. -1. 0. 8. -1. 0. 9. -1. 1. 0. 255. 1. 1. 255. 1. 2. 255.
    1. 3. 255. 1. 4. 255. 1. 5. 255. 1. 6. 255. 1. 7. 255. 1. 8. 255. 1.
    9. 255. 2. 0. 255. 2. 1. 255. 2. 2. 255. 2. 3. 255. 2. 4. 255. 2. 5.
    255. 2. 6. 255. 2. 7. 255. 2. 8. 255. 2. 9. 255. 3. 0. 255. 3. 1.
    255. 3. 2. 255. 3. 3. 255. 3. 4. 255. 3. 5. 255. 3. 6. 255. 3. 7.
    255. 3. 8. 255. 3. 9. 255. 4. 0. 255. 4. 1. 255. 4. 2. 255. 4. 3.
    255. 4. 4. 255. 4. 5. 255. 4. 6. 255. 4. 7. 255. 4. 8. 255. 4. 9.
    255. 5. 0. 255. 5. 1. 255. 5. 2. 255. 5. 3. 255. 5. 4. 255. 5. 5.
    255. 5. 6. 255. 5. 7. 255. 5. 8. 255. 5. 9. 255. 6. 0. 255. 6. 1.
    255. 6. 2. 255. 6. 3. 255. 6. 4. 255. 6. 5. 255. 6. 6. 255. 6. 7.
    255. 6. 8. 255. 6. 9. 255. 7. 0. 127. 7. 1. 127. 7. 2. 127. 7. 3.
    127. 7. 4. 127. 7. 5. 127. 7. 6. 127. 7. 7. 152. 7. 8. 255. 7. 9.
    255. 8. 0. -1. 8. 1. -1. 8. 2. -1. 8. 3. -1. 8. 4. -1. 8. 5. -1. 8.
    6. -1. 8. 7. -1. 8. 8. -1. 8. 9. -1. 9. 0. -1. 9. 1. -1. 9. 2. -1.
    9. 3. -1. 9. 4. -1. 9. 5. -1. 9. 6. -1. 9. 7. -1. 9. 8. -1. 9. 9.
    -1.</data></ColorCalibData_0_3>
 <!-- resumed -->

