<?xml version="1.0"?>
<opencv_storage>
<WallCorners type_id="opencv-matrix">
  <rows>4</rows>
  <cols>1</cols>
  <dt>"2f"</dt>
  <data>
    726. 514. 4181. 302. 4223. 3237. 724. 3161.</data></WallCorners>
 <!-- resumed -->

<LocalLowHighVP0 type_id="opencv-matrix">
  <rows>2</rows>
  <cols>1</cols>
  <dt>"2f"</dt>
  <data>
    -1.77777779e+000 -1.58019781e-001 5.52414894e-001 1.</data></LocalLowHighVP0>
 <!-- resumed -->

<quad_corners0 type_id="opencv-matrix">
  <rows>4</rows>
  <cols>1</cols>
  <dt>"2f"</dt>
  <data>
    2.29163304e-001 9.22392309e-001 1.00211251e+000 9.30234730e-001
    1.03021812e+000 2.05476442e-003 2.50986695e-001 -5.09354696e-002</data></quad_corners0>
 <!-- resumed -->

<TexCoordinates0 type_id="opencv-matrix">
  <rows>4</rows>
  <cols>1</cols>
  <dt>"3f"</dt>
  <data>
    0. 0. 2.05845094e+000 1.96312630e+000 0. 1.96312630e+000
    1.94477677e+000 1.94477677e+000 1.94477677e+000 0. 2.03828573e+000
    2.03828573e+000</data></TexCoordinates0>
 <!-- resumed -->

<LocalLowHighVP1 type_id="opencv-matrix">
  <rows>2</rows>
  <cols>1</cols>
  <dt>"2f"</dt>
  <data>
    -1.77777779e+000 -1. 3.97439569e-001 1.58620209e-001</data></LocalLowHighVP1>
 <!-- resumed -->

<quad_corners1 type_id="opencv-matrix">
  <rows>4</rows>
  <cols>1</cols>
  <dt>"2f"</dt>
  <data>
    2.55486637e-001 1.04649723e+000 1.01764750e+000 9.98897851e-001
    1.00009120e+000 5.16074570e-003 2.52885520e-001 1.72555924e-003</data></quad_corners1>
 <!-- resumed -->

<TexCoordinates1 type_id="opencv-matrix">
  <rows>4</rows>
  <cols>1</cols>
  <dt>"3f"</dt>
  <data>
    0. 0. 2.02957869e+000 1.93226814e+000 0. 1.93226814e+000
    1.97127116e+000 1.97127116e+000 1.97127116e+000 0. 2.07265258e+000
    2.07265258e+000</data></TexCoordinates1>
 <!-- resumed -->

<LocalLowHighVP2 type_id="opencv-matrix">
  <rows>2</rows>
  <cols>1</cols>
  <dt>"2f"</dt>
  <data>
    -5.31480610e-001 -1. 1.77777779e+000 1.28502369e-001</data></LocalLowHighVP2>
 <!-- resumed -->

<quad_corners2 type_id="opencv-matrix">
  <rows>4</rows>
  <cols>1</cols>
  <dt>"2f"</dt>
  <data>
    -3.07658594e-002 1.06745481e+000 7.83483267e-001 1.01416934e+000
    7.96757102e-001 6.39090836e-002 -4.62626020e-004 1.60504971e-002</data></quad_corners2>
 <!-- resumed -->

<TexCoordinates2 type_id="opencv-matrix">
  <rows>4</rows>
  <cols>1</cols>
  <dt>"3f"</dt>
  <data>
    0. 0. 2.08616519e+000 1.88731420e+000 0. 1.88731420e+000
    1.92067015e+000 1.92067015e+000 1.92067015e+000 0. 2.12699652e+000
    2.12699652e+000</data></TexCoordinates2>
 <!-- resumed -->

<LocalLowHighVP3 type_id="opencv-matrix">
  <rows>2</rows>
  <cols>1</cols>
  <dt>"2f"</dt>
  <data>
    -6.39435649e-001 -1.46316543e-001 1.77777779e+000 1.</data></LocalLowHighVP3>
 <!-- resumed -->

<quad_corners3 type_id="opencv-matrix">
  <rows>4</rows>
  <cols>1</cols>
  <dt>"2f"</dt>
  <data>
    -2.45907321e-003 9.44246531e-001 7.83218145e-001 8.72683525e-001
    8.08476985e-001 -4.80765849e-003 6.50493821e-005 -2.51004733e-002</data></quad_corners3>
 <!-- resumed -->

<TexCoordinates3 type_id="opencv-matrix">
  <rows>4</rows>
  <cols>1</cols>
  <dt>"3f"</dt>
  <data>
    0. 0. 2.13970828e+000 1.93232799e+000 0. 1.93232799e+000
    1.87741756e+000 1.87741756e+000 1.87741756e+000 0. 2.07258391e+000
    2.07258391e+000</data></TexCoordinates3>
 <!-- resumed -->

<ViewPlaneCoordinates type_id="opencv-matrix">
  <rows>16</rows>
  <cols>1</cols>
  <dt>"2f"</dt>
  <data>
    -1.36327112e+000 1.09481680e+000 3.10733378e-001 1.08792448e+000
    2.57535964e-001 -1.58019617e-001 -1.39460731e+000 -7.91425779e-002
    -1.38403809e+000 9.18229148e-002 1.93807259e-001 1.58620209e-001
    2.23559752e-001 -1.00613916e+000 -1.38795590e+000 -1.00062740e+000
    -2.57166922e-001 5.91587573e-002 1.39375830e+000 1.28502265e-001
    1.37467527e+000 -1.09456730e+000 -2.98957855e-001 -1.01756990e+000
    -3.55590135e-001 1.06850660e+000 1.43720257e+000 1.20526576e+000
    1.36600292e+000 -1.46316543e-001 -3.59682083e-001 -1.17541358e-001</data></ViewPlaneCoordinates>
 <!-- resumed -->

<projectorCorners type_id="opencv-matrix">
  <rows>16</rows>
  <cols>1</cols>
  <dt>"2f"</dt>
  <data>
    1.70115128e+002 4.26286285e+002 2.90764404e+003 2.57282501e+002
    2.82788965e+003 2.01086523e+003 1.17935326e+002 1.94488110e+003
    1.34627563e+002 1.72254810e+003 2.71115918e+003 1.56726465e+003
    2.77715088e+003 3.21434448e+003 1.23953285e+002 3.14879077e+003
    1.93310852e+003 1.72444458e+003 4.97435645e+003 1.55206860e+003
    4.96828223e+003 3.39673828e+003 1.86891479e+003 3.21023828e+003
    1.76265076e+003 3.57880096e+002 5.03300391e+003 -5.47847137e+001
    4.92577588e+003 1.96500476e+003 1.76187280e+003 1.96984338e+003</data></projectorCorners>
</opencv_storage>
