<?xml version="1.0"?>
<opencv_storage>
<WallCorners type_id="opencv-matrix">
  <rows>4</rows>
  <cols>1</cols>
  <dt>"2f"</dt>
  <data>
    537. 384. 4055. 210. 4056. 3190. 516. 3082.</data></WallCorners>
 <!-- resumed -->

<LocalLowHighVP0 type_id="opencv-matrix">
  <rows>2</rows>
  <cols>1</cols>
  <dt>"2f"</dt>
  <data>
    -2.24297142e+000 -1.04394406e-001 9.81342971e-001 1.23506415e+000</data></LocalLowHighVP0>
 <!-- resumed -->

<quad_corners0 type_id="opencv-matrix">
  <rows>4</rows>
  <cols>1</cols>
  <dt>"2f"</dt>
  <data>
    -1.35729564e-002 1.02332830e+000 1. 1. 1.03158283e+000
    1.81680592e-003 7.62429729e-004 -5.74821085e-002</data></quad_corners0>
 <!-- resumed -->

<TexCoordinates0 type_id="opencv-matrix">
  <rows>4</rows>
  <cols>1</cols>
  <dt>"3f"</dt>
  <data>
    0. 0. 2.10284591e+000 1.94126320e+000 0. 1.94126320e+000
    1.90674496e+000 1.90674496e+000 1.90674496e+000 0. 2.06240225e+000
    2.06240225e+000</data></TexCoordinates0>
 <!-- resumed -->

<LocalLowHighVP1 type_id="opencv-matrix">
  <rows>2</rows>
  <cols>1</cols>
  <dt>"2f"</dt>
  <data>
    -2.54686046e+000 -1.04595852e+000 2.54942507e-001 7.35005140e-002</data></LocalLowHighVP1>
 <!-- resumed -->

<quad_corners1 type_id="opencv-matrix">
  <rows>4</rows>
  <cols>1</cols>
  <dt>"2f"</dt>
  <data>
    -8.09581485e-004 9.99994576e-001 1.01830649e+000 1.00684631e+000 1.
    3.93355748e-016 6.81872052e-006 -8.46141670e-003</data></quad_corners1>
 <!-- resumed -->

<TexCoordinates1 type_id="opencv-matrix">
  <rows>4</rows>
  <cols>1</cols>
  <dt>"3f"</dt>
  <data>
    0. 0. 1.98293161e+000 1.97951341e+000 0. 1.97951341e+000
    2.01736498e+000 2.01736498e+000 2.01736498e+000 0. 2.02091479e+000
    2.02091479e+000</data></TexCoordinates1>
 <!-- resumed -->

<LocalLowHighVP2 type_id="opencv-matrix">
  <rows>2</rows>
  <cols>1</cols>
  <dt>"2f"</dt>
  <data>
    -1.04033160e+000 -1.09714127e+000 1.87950861e+000 8.69515315e-002</data></LocalLowHighVP2>
 <!-- resumed -->

<quad_corners2 type_id="opencv-matrix">
  <rows>4</rows>
  <cols>1</cols>
  <dt>"2f"</dt>
  <data>
    -3.05885412e-002 9.99575138e-001 9.99822617e-001 1.01388729e+000
    1.01275980e+000 9.89883789e-004 2.36832327e-003 -7.73922354e-002</data></quad_corners2>
 <!-- resumed -->

<TexCoordinates2 type_id="opencv-matrix">
  <rows>4</rows>
  <cols>1</cols>
  <dt>"3f"</dt>
  <data>
    0. 0. 2.04488611e+000 1.92275751e+000 0. 1.92275751e+000
    1.95704234e+000 1.95704234e+000 1.95704234e+000 0. 2.08370829e+000
    2.08370829e+000</data></TexCoordinates2>
 <!-- resumed -->

<LocalLowHighVP3 type_id="opencv-matrix">
  <rows>2</rows>
  <cols>1</cols>
  <dt>"2f"</dt>
  <data>
    -9.82163131e-001 -1.38349086e-001 2.26226759e+000 1.21339309e+000</data></LocalLowHighVP3>
 <!-- resumed -->

<quad_corners3 type_id="opencv-matrix">
  <rows>4</rows>
  <cols>1</cols>
  <dt>"2f"</dt>
  <data>
    -5.36268018e-003 1.03277969e+000 1. 1. 1.03642321e+000
    1.83848897e-003 2.62050598e-004 -5.04623614e-002</data></quad_corners3>
 <!-- resumed -->

<TexCoordinates3 type_id="opencv-matrix">
  <rows>4</rows>
  <cols>1</cols>
  <dt>"3f"</dt>
  <data>
    0. 0. 2.12010860e+000 1.95159578e+000 0. 1.95159578e+000
    1.89277077e+000 1.89277077e+000 1.89277077e+000 0. 2.05086613e+000
    2.05086613e+000</data></TexCoordinates3>
 <!-- resumed -->

<ViewPlaneCoordinates type_id="opencv-matrix">
  <rows>16</rows>
  <cols>1</cols>
  <dt>"2f"</dt>
  <data>
    -1.23970973e+000 1.20595539e+000 5.52005410e-001 1.23506415e+000
    4.91964847e-001 -1.04394406e-001 -1.26167142e+000 -3.44548821e-002
    -1.43135917e+000 7.35005140e-002 1.15232065e-001 6.61639795e-002
    1.43405154e-001 -1.04595852e+000 -1.43260896e+000 -1.03638744e+000
    -5.39311409e-001 8.69515315e-002 1.05722356e+000 7.09976852e-002
    1.03518271e+000 -1.09714127e+000 -5.85186541e-001 -1.01055348e+000
    -5.43771625e-001 1.17135167e+000 1.27252555e+000 1.21339309e+000
    1.20304501e+000 -1.38349086e-001 -5.52466750e-001 -7.73425102e-002</data></ViewPlaneCoordinates>
 <!-- resumed -->

<projectorCorners type_id="opencv-matrix">
  <rows>16</rows>
  <cols>1</cols>
  <dt>"2f"</dt>
  <data>
    1.61790710e+002 1.29809448e+002 3.20523633e+003 -8.76246948e+001
    3.09065283e+003 1.85573926e+003 1.13256599e+002 1.77869751e+003
    -1.47816025e+002 1.63815759e+003 2.40763159e+003 1.61652881e+003
    2.45253687e+003 3.20707300e+003 -1.63478592e+002 3.10968481e+003
    1.27956665e+003 1.60170471e+003 4.16730225e+003 1.58773987e+003
    4.12500928e+003 3.33815869e+003 1.19373694e+003 3.11729395e+003
    1.28116333e+003 1.12632057e+002 4.59146973e+003 -1.36635742e+002
    4.45575439e+003 1.89949548e+003 1.25624243e+003 1.82841003e+003</data></projectorCorners>
 <!-- resumed -->

<ColorCalibData_0_0 type_id="opencv-matrix">
  <rows>100</rows>
  <cols>1</cols>
  <dt>"3f"</dt>
  <data>
    0. 0. -1. 0. 1. -1. 0. 2. -1. 0. 3. -1. 0. 4. -1. 0. 5. -1. 0. 6.
    -1. 0. 7. -1. 0. 8. -1. 0. 9. -1. 1. 0. -1. 1. 1. 16. 1. 2. 33. 1.
    3. 35. 1. 4. 35. 1. 5. 35. 1. 6. 34. 1. 7. 34. 1. 8. 34. 1. 9. 47.
    2. 0. -1. 2. 1. 27. 2. 2. 39. 2. 3. 42. 2. 4. 42. 2. 5. 42. 2. 6.
    41. 2. 7. 41. 2. 8. 41. 2. 9. 55. 3. 0. -1. 3. 1. 30. 3. 2. 42. 3.
    3. 44. 3. 4. 44. 3. 5. 44. 3. 6. 44. 3. 7. 43. 3. 8. 43. 3. 9. 59.
    4. 0. -1. 4. 1. 43. 4. 2. 52. 4. 3. 53. 4. 4. 55. 4. 5. 55. 4. 6.
    55. 4. 7. 55. 4. 8. 56. 4. 9. 81. 5. 0. -1. 5. 1. 46. 5. 2. 54. 5.
    3. 55. 5. 4. 57. 5. 5. 58. 5. 6. 58. 5. 7. 58. 5. 8. 60. 5. 9. 83.
    6. 0. -1. 6. 1. 49. 6. 2. 56. 6. 3. 57. 6. 4. 58. 6. 5. 60. 6. 6.
    60. 6. 7. 61. 6. 8. 62. 6. 9. 84. 7. 0. -1. 7. 1. 50. 7. 2. 57. 7.
    3. 58. 7. 4. 60. 7. 5. 61. 7. 6. 61. 7. 7. 62. 7. 8. 64. 7. 9. 83.
    8. 0. -1. 8. 1. 51. 8. 2. 58. 8. 3. 59. 8. 4. 60. 8. 5. 61. 8. 6.
    61. 8. 7. 62. 8. 8. 64. 8. 9. 75. 9. 0. -1. 9. 1. 51. 9. 2. 59. 9.
    3. 59. 9. 4. 59. 9. 5. 60. 9. 6. 61. 9. 7. 61. 9. 8. 64. 9. 9. 74.</data></ColorCalibData_0_0>
 <!-- resumed -->

<ColorCalibData_0_1 type_id="opencv-matrix">
  <rows>100</rows>
  <cols>1</cols>
  <dt>"3f"</dt>
  <data>
    0. 0. -1. 0. 1. -1. 0. 2. -1. 0. 3. -1. 0. 4. -1. 0. 5. -1. 0. 6.
    -1. 0. 7. -1. 0. 8. -1. 0. 9. -1. 1. 0. -1. 1. 1. 153. 1. 2. 159. 1.
    3. 165. 1. 4. 170. 1. 5. 173. 1. 6. 175. 1. 7. 177. 1. 8. 177. 1. 9.
    230. 2. 0. -1. 2. 1. 161. 2. 2. 167. 2. 3. 172. 2. 4. 177. 2. 5.
    181. 2. 6. 183. 2. 7. 183. 2. 8. 183. 2. 9. 235. 3. 0. -1. 3. 1.
    167. 3. 2. 173. 3. 3. 178. 3. 4. 182. 3. 5. 185. 3. 6. 188. 3. 7.
    189. 3. 8. 190. 3. 9. 242. 4. 0. -1. 4. 1. 214. 4. 2. 218. 4. 3.
    222. 4. 4. 226. 4. 5. 229. 4. 6. 230. 4. 7. 230. 4. 8. 231. 4. 9.
    255. 5. 0. -1. 5. 1. 217. 5. 2. 221. 5. 3. 226. 5. 4. 229. 5. 5.
    232. 5. 6. 233. 5. 7. 234. 5. 8. 236. 5. 9. 255. 6. 0. -1. 6. 1.
    218. 6. 2. 221. 6. 3. 225. 6. 4. 229. 6. 5. 232. 6. 6. 234. 6. 7.
    236. 6. 8. 237. 6. 9. 255. 7. 0. -1. 7. 1. 216. 7. 2. 219. 7. 3.
    223. 7. 4. 227. 7. 5. 230. 7. 6. 232. 7. 7. 233. 7. 8. 235. 7. 9.
    255. 8. 0. -1. 8. 1. 211. 8. 2. 215. 8. 3. 220. 8. 4. 223. 8. 5.
    226. 8. 6. 228. 8. 7. 229. 8. 8. 231. 8. 9. 255. 9. 0. -1. 9. 1.
    203. 9. 2. 207. 9. 3. 212. 9. 4. 216. 9. 5. 219. 9. 6. 221. 9. 7.
    223. 9. 8. 225. 9. 9. 255.</data></ColorCalibData_0_1>
 <!-- resumed -->

